%YAML:1.0
---
intrinsic: !!opencv-matrix
   rows: 3
   cols: 3
   dt: d
   data: [ 9.6522428759331285e+02, 0., 4.8568053915805893e+02, 0.,
       9.0984136848959292e+02, 4.1852177076695716e+02, 0., 0., 1. ]
distCoeffs: !!opencv-matrix
   rows: 1
   cols: 5
   dt: d
   data: [ 1.1263363355132305e-01, 4.7105628646630959e-01,
       1.4165632315903069e-02, -8.3951176135630884e-02,
       -6.8915075705946094e-01 ]
